{"model":{"version":2,"nodes":[{"name":"RootNode","position":[0,0,0],"rotation":[0,0,0],"scale":[1,1,1],"scaleCompensation":false},{"name":"j_root","position":[0,0,0],"rotation":[-90,0,0],"scale":[0.0254,0.0254,0.0254],"scaleCompensation":false},{"name":"j_body","position":[-5.26586,0.0558686,5.33722],"rotation":[0,-43.903,0],"scale":[1,1,1],"scaleCompensation":false},{"name":"j_spine_1","position":[0,0,0],"rotation":[0.120446,67.7429,-0.184506],"scale":[1,1,1],"scaleCompensation":false},{"name":"j_spine_2","position":[-9.53674e-07,7.45058e-09,3.09226],"rotation":[0.336015,23.1009,0.0722409],"scale":[1,1,1],"scaleCompensation":false},{"name":"j_spine_3","position":[9.53674e-07,7.45058e-09,4.24659],"rotation":[-1.33226,25.2883,-0.298887],"scale":[1,1,1],"scaleCompensation":false},{"name":"j_spine_4","position":[9.53674e-07,-1.86265e-09,3.833],"rotation":[0.332798,-13.7279,0.0444775],"scale":[1,1,1],"scaleCompensation":false},{"name":"j_neck_base","position":[-0.364625,0.0304265,1.30927],"rotation":[-2.29728e-07,49.2105,1.12312e-07],"scale":[1,1,1],"scaleCompensation":false},{"name":"j_neck_1","position":[0.531857,0.0433833,1.17045],"rotation":[1.02017e-08,11.265,6.80114e-09],"scale":[1,1,1],"scaleCompensation":false},{"name":"j_head","position":[-0.891592,0.0059335,2.09613],"rotation":[0.066527,-13.2557,-0.451339],"scale":[1,1,1],"scaleCompensation":false},{"name":"j_jaw","position":[1.3365,-2.23517e-08,-0.310073],"rotation":[-3.33505e-08,-0,0],"scale":[1,1,1],"scaleCompensation":false},{"name":"j_tongue_back","position":[0.968532,-7.45058e-09,-0.923707],"rotation":[6.67011e-08,1.70755e-06,-2.66804e-08],"scale":[1,1,1],"scaleCompensation":false},{"name":"j_tongue_mid","position":[0.715305,0,-0.0714619],"rotation":[-4.00206e-08,-0,0],"scale":[1,1,1],"scaleCompensation":false},{"name":"j_tongue_tip","position":[0.585074,-1.11759e-08,-0.080322],"rotation":[-4.66908e-08,-0,-2.66804e-08],"scale":[1,1,1],"scaleCompensation":false},{"name":"j_mid_eyebrow","position":[4.10185,-7.45058e-09,1.02757],"rotation":[-3.33505e-08,-0,0],"scale":[1,1,1],"scaleCompensation":false},{"name":"j_l_eye","position":[3.34376,1.17771,0.457466],"rotation":[-0.642538,-9.79714,0.00241858],"scale":[1,1,1],"scaleCompensation":false},{"name":"j_l_upper_eyelid","position":[3.34376,1.17771,0.457466],"rotation":[-0.0105102,-3.92809,0.000360365],"scale":[1,1,1],"scaleCompensation":false},{"name":"j_l_lower_eyelid","position":[3.34376,1.17771,0.457466],"rotation":[0.0104941,-1.46885,-0.00013462],"scale":[1,1,1],"scaleCompensation":false},{"name":"j_l_inner_eyebrow","position":[3.997,0.608868,1.16821],"rotation":[10.5709,-7.11098,18.5988],"scale":[1,1,1],"scaleCompensation":false},{"name":"j_l_mid_eyebrow","position":[3.75939,1.322,1.20419],"rotation":[-0.594787,-15.635,27.9024],"scale":[1,1,1],"scaleCompensation":false},{"name":"j_l_outer_eyebrow","position":[3.2478,1.89063,1.01608],"rotation":[-25.095,-17.7208,46.7312],"scale":[1,1,1],"scaleCompensation":false},{"name":"j_l_ear","position":[1.73259,0.866297,2.61041],"rotation":[-1.70755e-06,-6.67011e-08,89.9962],"scale":[1,1,1],"scaleCompensation":false},{"name":"j_r_eye","position":[3.34375,-1.17771,0.457454],"rotation":[179.357,9.82999,179.997],"scale":[1,1,1],"scaleCompensation":false},{"name":"j_r_upper_eyelid","position":[3.34375,-1.17771,0.457454],"rotation":[179.989,4.00385,180],"scale":[1,1,1],"scaleCompensation":false},{"name":"j_r_lower_eyelid","position":[3.34375,-1.17771,0.457454],"rotation":[-179.99,1.55058,-180],"scale":[1,1,1],"scaleCompensation":false},{"name":"j_r_inner_eyebrow","position":[3.99698,-0.608868,1.1682],"rotation":[169.407,-7.11453,-18.5975],"scale":[1,1,1],"scaleCompensation":false},{"name":"j_r_mid_eyebrow","position":[3.75938,-1.322,1.20418],"rotation":[-179.527,-15.6648,-27.8867],"scale":[1,1,1],"scaleCompensation":false},{"name":"j_r_outer_eyebrow","position":[3.24779,-1.89063,1.01607],"rotation":[-154.885,-17.7123,-46.7338],"scale":[1,1,1],"scaleCompensation":false},{"name":"j_r_ear","position":[1.73258,-0.866297,2.6104],"rotation":[-180,3.64855e-06,-90],"scale":[1,1,1],"scaleCompensation":false},{"name":"j_chest","position":[4.18986,0.0176165,0.197758],"rotation":[0.856999,-60.2099,-0.711145],"scale":[1,1,1],"scaleCompensation":false},{"name":"j_l_scap","position":[-0.540063,2.03775,1.68385],"rotation":[124.576,-59.4424,-19.5598],"scale":[1,1,1],"scaleCompensation":false},{"name":"j_r_scap","position":[-0.904453,-1.90876,1.35942],"rotation":[53.6309,54.2582,139.856],"scale":[1,1,1],"scaleCompensation":false},{"name":"j_l_humerous","position":[2.49077,2.16804,2.00104],"rotation":[179.729,-13.1223,-2.66337],"scale":[1,1,1],"scaleCompensation":false},{"name":"j_l_elbow","position":[4.76837e-07,1.19209e-07,4.64122],"rotation":[-5.00872e-07,50.2667,-2.92175e-07],"scale":[1,1,1],"scaleCompensation":false},{"name":"j_l_wrist","position":[0,-5.96046e-07,4.85038],"rotation":[-6.49636e-07,-9.70925,1.35341e-07],"scale":[1,1,1],"scaleCompensation":false},{"name":"j_l_palm","position":[0.58321,-1.19209e-07,2.17269],"rotation":[-29.7484,81.1011,-40.0956],"scale":[1,1,1],"scaleCompensation":false},{"name":"j_l_finger","position":[0,1.19209e-07,0.960717],"rotation":[-0.00674213,-12.8545,-173.97],"scale":[1,1,1],"scaleCompensation":false},{"name":"j_l_forearm","position":[0,-5.126e-06,2.42519],"rotation":[4.26887e-07,-4.26887e-07,-180],"scale":[1,1,1],"scaleCompensation":false},{"name":"j_r_humerous","position":[2.1194,-2.14955,1.68265],"rotation":[176.674,15.6103,-178.249],"scale":[1,1,1],"scaleCompensation":false},{"name":"j_r_elbow","position":[-7.15256e-07,1.19209e-07,4.64122],"rotation":[2.96953e-07,-44.0463,-2.50554e-07],"scale":[1,1,1],"scaleCompensation":false},{"name":"j_r_wrist","position":[0,-1.19209e-07,4.85038],"rotation":[0,7.42267,2.69059e-08],"scale":[1,1,1],"scaleCompensation":false},{"name":"j_r_palm","position":[-0.583211,-1.19209e-07,2.17269],"rotation":[-56.3462,79.4522,134.883],"scale":[1,1,1],"scaleCompensation":false},{"name":"j_r_finger","position":[-1.19209e-07,-1.19209e-07,0.960717],"rotation":[179.999,-12.8575,6.21733],"scale":[1,1,1],"scaleCompensation":false},{"name":"j_r_forearm","position":[-1.90735e-06,1.19209e-07,2.4252],"rotation":[-180,-4.80248e-06,180],"scale":[1,1,1],"scaleCompensation":false},{"name":"j_tail_1","position":[-0.0819793,-0.012153,-2.3593],"rotation":[164.901,-26.8085,169.405],"scale":[1,1,1],"scaleCompensation":false},{"name":"j_tail_2","position":[-0.0172768,0.0613564,2.40059],"rotation":[-29.4848,23.6103,-1.92354],"scale":[1,1,1],"scaleCompensation":false},{"name":"j_tail_3","position":[-0.221241,-0.449638,3.68501],"rotation":[-48.8385,11.6692,14.7592],"scale":[1,1,1],"scaleCompensation":false},{"name":"j_tail_4","position":[-0.0829583,-0.258577,4.46072],"rotation":[-47.2158,3.33687,4.49605],"scale":[1,1,1],"scaleCompensation":false},{"name":"j_tail_5","position":[0.0153793,0.594533,4.34694],"rotation":[-45.3584,0.0231238,-11.5743],"scale":[1,1,1],"scaleCompensation":false},{"name":"j_tail_6","position":[2.38419e-07,0.828849,3.24693],"rotation":[-24.3698,0.427693,1.6823],"scale":[1,1,1],"scaleCompensation":false},{"name":"j_hips","position":[0,0,0],"rotation":[0,-29.0715,0],"scale":[1,1,1],"scaleCompensation":false},{"name":"j_l_femur","position":[-2.29122,2.34817,-1.20312],"rotation":[166.525,4.5268,177.419],"scale":[1,1,1],"scaleCompensation":false},{"name":"j_l_knee","position":[0,0,4.57143],"rotation":[-180,28.3831,180],"scale":[1,1,1],"scaleCompensation":false},{"name":"j_l_ankle","position":[3.57628e-07,0,5.7426],"rotation":[179.324,-76.6039,-173.081],"scale":[1,1,1],"scaleCompensation":false},{"name":"j_l_ball","position":[-3.70485,0,1.68632],"rotation":[-1.08651,58.7627,-178.38],"scale":[1,1,1],"scaleCompensation":false},{"name":"j_l_toe","position":[0,0,1.18147],"rotation":[8.36056e-07,-0,-180],"scale":[1,1,1],"scaleCompensation":false},{"name":"j_r_femur","position":[-2.29121,-2.34817,-1.2031],"rotation":[170.67,-6.56176,-2.60987],"scale":[1,1,1],"scaleCompensation":false},{"name":"j_r_knee","position":[-3.57628e-07,2.38419e-07,4.57143],"rotation":[-180,-28.082,-180],"scale":[1,1,1],"scaleCompensation":false},{"name":"j_r_ankle","position":[-2.38419e-07,-2.38419e-07,5.74259],"rotation":[179.472,74.277,174.686],"scale":[1,1,1],"scaleCompensation":false},{"name":"j_r_ball","position":[3.70485,0,1.68632],"rotation":[8.77571,-50.6073,171.652],"scale":[1,1,1],"scaleCompensation":false},{"name":"j_r_toe","position":[0,-4.76837e-07,1.18147],"rotation":[-180,-4.26887e-06,-180],"scale":[1,1,1],"scaleCompensation":false},{"name":"j_camera","position":[-7.16768,0,13.7919],"rotation":[0,0,0],"scale":[1,1,1],"scaleCompensation":false},{"name":"sk_player_cat_lod0","position":[0,0,0],"rotation":[-90,-0,0],"scale":[0.0254,0.0254,0.0254],"scaleCompensation":false}],"parents":[-1,0,1,2,3,4,5,6,7,8,9,10,11,12,9,9,9,9,9,9,9,9,9,9,9,9,9,9,9,6,6,6,6,32,33,34,35,33,6,38,39,40,41,39,3,44,45,46,47,48,2,50,51,52,53,54,50,56,57,58,59,1,0],"skins":[{"inverseBindMatrices":[[1,-4.83842e-19,2.96268e-35,0,-0,6.12323e-17,1,0,-4.83842e-19,-1,6.12323e-17,0,-10.3747,-6.49287e-16,-16.125,1],[1,7.41641e-25,2.98023e-08,0,-2.98023e-08,6.12323e-17,1,0,-1.08322e-24,-1,6.12323e-17,0,-9.03822,-6.74959e-10,-16.4351,1],[1,-1.08322e-24,6.63291e-41,0,-0,6.12323e-17,1,0,-1.08322e-24,-1,6.12323e-17,0,-12.382,-1.17771,-16.8926,1],[1,-1.08322e-24,6.63291e-41,0,-0,6.12323e-17,1,0,-1.08322e-24,-1,6.12323e-17,0,-12.382,-1.17771,-16.8926,1],[6.12323e-17,-1,2.98023e-08,0,-0,2.98023e-08,1,0,-1,-6.12323e-17,1.82487e-24,0,-0.866297,10.7708,-19.0455,1],[6.12323e-17,-1,-8.74228e-08,0,-0,8.74228e-08,-1,0,1,6.12323e-17,5.3531e-24,0,-0.866297,10.7708,19.0455,1],[-1,8.74228e-08,7.52028e-15,0,1.22465e-16,8.74228e-08,-1,0,-8.74228e-08,-1,-8.74228e-08,0,12.382,1.17771,16.8926,1],[-1,8.74228e-08,7.52028e-15,0,1.22465e-16,8.74228e-08,-1,0,-8.74228e-08,-1,-8.74228e-08,0,12.382,1.17771,16.8926,1],[0.433894,2.33878e-08,-0.900964,0,0.900964,3.72529e-09,0.433895,0,1.35042e-08,-1,-1.94551e-08,0,-3.27619,2.15356,5.31163,1],[-0.191638,1.81527e-14,0.981466,0,-0.981466,-3.52052e-15,-0.191638,0,-2.34688e-17,-1,1.84909e-14,0,-0.74783,-2.34817,6.97147,1],[-0.798962,1.74884e-16,-0.601381,0,0.601381,6.9641e-17,-0.798962,0,-9.78446e-17,-1,-1.60812e-16,0,-10.7107,-2.34817,-2.55012,1],[6.12323e-17,-1.76806e-09,1,0,-1,-1.08262e-25,6.12323e-17,0,2.29589e-41,-1,-1.76806e-09,0,0.647054,-2.15356,-6.2071,1],[-0.798962,-2.25717e-16,-0.601381,0,0.601382,-4.62575e-16,-0.798962,0,-9.78446e-17,-1,5.05321e-16,0,-10.7107,-2.34817,3.19247,1],[0.99605,-7.76216e-09,0.0887887,0,0.0887887,8.70775e-08,-0.99605,0,-1.65436e-24,1,8.74228e-08,0,-4.74288,2.15356,7.41254,1],[0.191638,-4.12758e-14,-0.981466,0,0.981466,4.43956e-15,0.191638,0,-3.55271e-15,-1,4.13615e-14,0,0.747809,2.34817,-6.97146,1],[0.798962,5.25744e-08,-0.601382,0,-0.601382,6.98475e-08,-0.798962,0,2.48714e-15,1,8.74228e-08,0,10.7107,-2.34817,-2.55011,1],[0.798962,5.25744e-08,-0.601382,0,-0.601382,6.98475e-08,-0.798962,0,7.10543e-15,1,8.74228e-08,0,10.7107,-2.34817,3.19249,1],[-0.99605,-1.16063e-16,0.0887887,0,-0.0887887,-7.1821e-17,-0.99605,0,1.21981e-16,-1,6.12323e-17,0,4.74288,2.15356,7.41254,1],[1,-4.83842e-19,2.96268e-35,0,-7.8753e-43,6.12323e-17,1,0,-4.83842e-19,-1,6.12323e-17,0,-11.3433,-5.82681e-16,-15.2013,1],[1,-4.83842e-19,2.96268e-35,0,-7.8753e-43,6.12323e-17,1,0,-4.83842e-19,-1,6.12323e-17,0,-12.0586,-5.77528e-16,-15.1299,1],[1,-4.83842e-19,2.96268e-35,0,-7.8753e-43,6.12323e-17,1,0,-4.83842e-19,-1,6.12323e-17,0,-12.6436,-5.71736e-16,-15.0495,1],[0.626377,4.77318e-17,0.77952,0,-0.77952,3.83546e-17,0.626377,0,-3.21457e-24,-1,6.12323e-17,0,7.07613,3.71891e-15,-13.5111,1],[0.65472,4.62838e-17,0.755871,0,-0.755871,4.00901e-17,0.65472,0,-3.37513e-24,-1,6.12323e-17,0,6.50531,-1.2096e-08,-15.5865,1],[0.652835,-0.570944,-0.497824,0,0.3044,-0.404064,0.862596,0,-0.693647,-0.714671,-0.0899922,0,-14.6443,12.7149,-9.10719,1],[1,-4.83842e-19,2.96268e-35,0,-0,6.12323e-17,1,0,-4.83842e-19,-1,6.12323e-17,0,-13.1401,-7.29856e-16,-17.4627,1],[0.940477,-0.335069,-0.0568498,0,0.123837,0.182087,0.975453,0,-0.316493,-0.924431,0.212743,0,-14.632,0.599505,-16.3006,1],[0.940477,-0.335069,0.0568498,0,0.123837,0.182087,-0.975453,0,0.316493,0.924431,0.212743,0,-14.632,0.599503,16.3006,1],[0.851026,-0.465504,-0.243025,0,0.269538,-0.00995642,0.962938,0,-0.450671,-0.88499,0.116998,0,-16.2413,4.96301,-13.7207,1],[-0.191638,-4.12103e-14,0.981466,0,-0.981466,-2.81625e-15,-0.191638,0,1.06615e-14,-1,-3.99068e-14,0,-0.747811,2.34817,8.15293,1],[-0.2332,1.63038e-16,-0.972429,0,0.972429,9.73005e-18,-0.2332,0,-2.85587e-17,-1,-1.60812e-16,0,-15.9787,1.40845e-15,-5.93808,1],[-0.147772,1.61721e-16,-0.989022,0,0.989021,5.86536e-18,-0.147772,0,-1.80968e-17,-1,-1.60812e-16,0,-15.1761,2.03775e-15,-9.69931,1],[-0.0105142,1.93717e-15,-0.999945,0,0.999945,9.74231e-18,-0.0105142,0,-1.06261e-17,-1,-1.93717e-15,0,-12.9681,3.03906e-14,-15.3406,1],[1,-0,-0,0,-0,6.12323e-17,1,0,0,-1,6.12323e-17,0,7.16768,-8.44513e-16,-13.7919,1],[0.00262254,-3.38119e-14,-0.999997,0,0.999996,8.52041e-17,0.00262254,0,-3.46945e-18,-1,3.3812e-14,0,-12.6152,-6.74373e-13,-19.9759,1],[0.00983673,-8.94261e-15,-0.999952,0,0.999952,8.52055e-17,0.00983673,0,-2.76471e-18,-1,8.94302e-15,0,-12.4572,-2.17154e-13,-24.4522,1],[0.00983673,-8.94261e-15,-0.999952,0,0.999952,8.51963e-17,0.00983673,0,-2.77389e-18,-1,8.94302e-15,0,-12.4572,-2.46754e-13,-27.8031,1],[-0.99605,-1.16063e-16,0.0887886,0,-0.0887886,-7.1821e-17,-0.99605,0,1.21981e-16,-1,6.12323e-17,0,4.74288,2.15356,2.56216,1],[0.221218,0.0240994,0.974927,0,0.969193,0.105584,-0.222527,0,-0.108299,0.994118,5.56877e-08,0,-1.76701,-2.3588,-4.94677,1],[0.652836,-0.570944,0.497824,0,0.3044,-0.404064,-0.862596,0,0.693647,0.714671,-0.0899922,0,-14.6443,12.7148,9.10719,1],[0.851025,-0.465504,0.243025,0,0.269538,-0.00995631,-0.962938,0,0.450672,0.88499,0.116998,0,-16.2413,4.96301,13.7207,1],[0.191638,-8.58025e-08,0.981466,0,0.981466,1.67535e-08,-0.191638,0,-3.55271e-15,1,8.74228e-08,0,0.747832,2.34817,8.15293,1],[0.996051,-7.76216e-09,0.0887887,0,0.0887888,8.70775e-08,-0.99605,0,-1.65436e-24,1,8.74228e-08,0,-4.74288,2.15356,2.56217,1],[0.221317,0.0231727,0.974926,0,0.969626,0.101523,-0.222527,0,-0.104134,0.994563,-6.55393e-08,0,-2.2254,1.93233,-4.94676,1],[-0.786831,1.13609e-16,0.617169,0,-0.617169,1.12903e-17,-0.786831,0,-9.6359e-17,-1,6.12324e-17,0,0.326883,-2.34817,15.743,1],[-0.0888039,6.19562e-17,0.996049,0,-0.996049,5.3947e-18,-0.0888039,0,-1.08753e-17,-1,6.12323e-17,0,13.1009,3.69679e-16,8.36414,1],[-0.0608165,6.15719e-17,0.998149,0,-0.998149,3.71015e-18,-0.0608165,0,-7.44788e-18,-1,6.12323e-17,0,13.2437,2.2246e-15,4.90215,1],[0.98823,0.0347039,-0.148986,0,-0.0774295,0.953429,-0.291508,0,0.131931,0.299612,0.944895,0,-3.58039,-13.2665,6.77494,1],[0.413092,5.57636e-17,0.910689,0,-0.910689,2.52946e-17,0.413092,0,-1.65436e-23,-1,6.12323e-17,0,10.2108,4.00676e-15,-8.99796,1],[1,-4.83869e-19,2.96284e-35,0,-0,6.12323e-17,1,0,-4.83869e-19,-1,6.12323e-17,0,-6.09491,4.20092e-15,-9.17834,1],[-0.0634622,6.16021e-17,0.997984,0,-0.997984,3.87028e-18,-0.0634622,0,-7.77188e-18,-1,6.12323e-17,0,13.2419,1.9632e-15,0.690668,1],[0.844424,4.68302e-08,-0.535675,0,-0.535674,7.3822e-08,-0.844424,0,1.94289e-16,1,8.74228e-08,0,0.747182,2.15356,13.4095,1],[0.78683,-5.39547e-08,0.617169,0,0.617169,6.87869e-08,-0.78683,0,-6.61744e-24,1,8.74228e-08,0,-0.326904,-2.34817,15.743,1],[-0.933198,0.0666984,0.353117,0,0.0730983,0.997313,0.00480302,0,-0.351848,0.0302944,-0.935567,0,4.31244,-14.7011,-0.0088289,1],[-0.844424,-2.39068e-16,-0.535674,0,0.535674,-1.83811e-16,-0.844424,0,1.03412e-16,-1,2.83277e-16,0,-0.747175,2.15356,13.4095,1],[1,-1.08322e-24,6.63291e-41,0,-0,6.12323e-17,1,0,-1.08322e-24,-1,6.12323e-17,0,-12.382,-1.17771,-16.8926,1],[-1,8.74228e-08,7.52028e-15,0,1.22465e-16,8.74228e-08,-1,0,-8.74228e-08,-1,-8.74228e-08,0,12.382,1.17771,16.8926,1]],"boneNames":["j_jaw","j_head","j_l_lower_eyelid","j_l_upper_eyelid","j_l_ear","j_r_ear","j_r_lower_eyelid","j_r_upper_eyelid","j_r_finger","j_l_toe","j_l_ankle","j_l_finger","j_l_knee","j_l_elbow","j_r_toe","j_r_ankle","j_r_knee","j_r_elbow","j_tongue_back","j_tongue_mid","j_tongue_tip","j_neck_base","j_neck_1","j_l_outer_eyebrow","j_mid_eyebrow","j_l_inner_eyebrow","j_r_inner_eyebrow","j_l_mid_eyebrow","j_r_ball","j_tail_1","j_tail_2","j_tail_3","j_hips","j_tail_4","j_tail_5","j_tail_6","j_r_wrist","j_r_palm","j_r_outer_eyebrow","j_r_mid_eyebrow","j_l_ball","j_l_wrist","j_l_palm","j_l_femur","j_spine_1","j_spine_2","j_l_scap","j_spine_4","j_chest","j_spine_3","j_l_humerous","j_r_femur","j_r_scap","j_r_humerous","j_l_eye","j_r_eye"]}],"morphs":[],"vertices":[{"position":{"type":"float32","components":3,"data":[13.576,15.1251,0.309942,13.6031,15.1852,0.38066,13.6441,15.2984,0.423564,13.2321,15.1397,-0.538741,13.2388,15.1494,-0.44138,13.2602,15.0811,-0.374206,13.2602,15.0811,-0.374206,13.3193,15.1146,-0.496852,13.2321,15.1397,-0.538741,13.2704,14.9753,-0.283849,13.2388,15.1494,-0.44138,13.056,14.9819,-0.387613,13.1098,15.1548,-0.523235,13.0029,15.1284,-0.550563,13.2675,15.2033,-0.48017,13.2,15.2098,-0.531775,13.2675,15.2033,-0.48017,13.2697,15.2051,-0.544145,13.241,15.2544,-0.541794,13.241,15.2544,-0.541794,13.2002,15.2128,-0.591139,13.1109,15.1571,-0.630529,13.1098,15.1548,-0.523235,13.1109,15.1571,-0.630529,13.0792,15.2928,-0.655685,13.0792,15.2928,-0.655685,12.9601,15.1739,-0.619803,12.926,15.1368,-0.606675,12.9105,15.0167,-0.495306,12.2874,15.159,0.655485,12.6837,15.0718,0.624365,12.6112,14.9826,3.39881e-15,12.8663,14.9547,3.39859e-15,12.6837,15.0718,-0.624365,12.762,15.1512,-0.670978,12.7955,15.1617,-0.776256,12.9884,15.1542,-0.706536,12.7475,15.2115,-0.84439,12.1373,15.377,-0.722894,12.2874,15.159,-0.655485,12.2608,15.0446,3.39922e-15,11.8799,15.2487,0.690082,11.9151,15.4798,0.777663,11.7136,15.5484,0.809187,11.8833,15.4935,0.82429,11.7535,15.5386,0.838214,11.8208,15.1065,3.39876e-15,11.8775,15.5435,0.918055,11.8034,15.592,0.922268,11.6979,15.5369,0.897053,11.0447,15.8324,0.92948,10.979,15.5342,0.816008,10.935,15.2991,3.39666e-15,11.8799,15.2487,-0.690082,11.0579,15.8253,1.18461,11.9151,15.4798,-0.777663,12.0988,15.3975,-0.773282,12.1681,15.3559,-0.853871,12.0988,15.3975,-0.773282,12.1681,15.3559,-0.853871,12.1446,15.4299,-0.859776,12.0978,15.4538,-0.802668,12.1167,15.5368,-0.87392,12.0089,15.4874,-0.821122,12.0978,15.4538,-0.802668,12.1167,15.5368,-0.87392,12.0609,15.5719,-0.883311,11.9941,15.4848,-0.884183,12.0089,15.4874,-0.821122,12.0609,15.5719,-0.883311,11.9324,15.4616,-0.891741,11.9717,15.4548,-0.801344,11.9324,15.4616,-0.891741,11.9717,15.4548,-0.801344,11.9717,15.4548,-0.801344,12.0988,15.3975,-0.773282,11.0447,15.8324,-0.92948,11.7136,15.5484,-0.809187,11.6979,15.5369,-0.897053,11.7535,15.5386,-0.838214,11.8034,15.592,-0.922268,11.8775,15.5435,-0.918055,11.8833,15.4935,-0.82429,10.979,15.5342,-0.816008,11.0579,15.8253,-1.18461,13.4484,15.3106,-0.505667,13.4332,15.3012,-0.394667,13.4655,15.4458,-0.420612,13.4214,15.1625,-0.527093,13.3193,15.1146,-0.496852,13.3899,15.1703,-0.484885,13.4683,15.2971,-0.509522,13.4484,15.3106,-0.505667,13.4655,15.4458,-0.420612,13.4835,15.2736,-0.457474,13.4683,15.2971,-0.509522,13.4655,15.4458,-0.420612,13.4782,15.2815,-0.394358,13.4795,15.1728,-0.367191,13.4619,15.1545,-0.470816,13.4378,15.0989,-0.344274,13.4083,15.0261,-0.461044,12.9884,15.1542,-0.706536,12.926,15.1368,-0.606675,12.9601,15.1739,-0.619803,13.0792,15.2928,-0.655685,13.1109,15.1571,-0.630529,12.9884,15.1542,-0.706536,13.0792,15.2928,-0.655685,12.9676,15.0459,-0.695553,13.2321,15.1397,-0.538741,13.2034,15.0365,-0.558436,13.3193,15.1146,-0.496852,13.4214,15.1625,-0.527093,13.2002,15.2128,-0.591139,13.2697,15.2051,-0.544145,13.2388,15.1494,-0.44138,13.2321,15.1397,-0.538741,13.2697,15.2051,-0.544145,13.2675,15.2033,-0.48017,13.241,15.2544,-0.541794,13.5854,15.1257,0.158056,13.4396,14.9743,0.307617,13.5182,14.9628,3.3989e-15,13.3196,14.8441,3.39631e-15,13.4396,14.9743,-0.307617,13.2926,14.8507,-0.283053,13.1885,14.8532,-0.361499,13.0648,14.864,-0.458081,12.8521,14.8783,-0.585768,13.5854,15.1257,-0.158056,13.4556,15.0382,-0.30666,13.5408,15.1596,-0.264302,13.5408,15.1596,-0.264302,13.5757,15.1439,-0.150589,13.5854,15.1257,-0.158056,13.5929,15.1425,-0.0370744,13.5929,15.1425,-0.0370744,13.5929,15.1425,-0.0370744,13.5197,15.0385,3.40063e-15,13.5182,14.9628,3.3989e-15,13.5929,15.1425,0.0370744,13.5182,14.9628,3.3989e-15,13.5197,15.0385,3.40063e-15,13.5929,15.1425,0.0370744,13.5757,15.1439,0.150589,13.5854,15.1257,0.158056,13.5929,15.1425,0.0370744,13.5408,15.1596,0.264302,13.5408,15.1596,0.264302,13.4556,15.0382,0.30666,13.4083,15.0261,0.461044,13.4378,15.0989,0.344274,13.4619,15.1545,0.470816,13.4795,15.1728,0.367191,13.4835,15.2736,0.457474,13.4782,15.2815,0.394358,13.4683,15.2971,0.509522,13.4214,15.1625,0.527093,13.1885,14.8532,0.361499,13.2926,14.8507,0.283053,13.4655,15.4458,0.420612,13.4655,15.4458,0.420612,13.4484,15.3106,0.505667,13.4683,15.2971,0.509522,13.3899,15.1703,0.484885,13.4214,15.1625,0.527093,13.3193,15.1146,0.496852,13.3193,15.1146,0.496852,13.2034,15.0365,0.558436,13.0648,14.864,0.458081,13.4484,15.3106,0.505667,13.4655,15.4458,0.420612,13.4332,15.3012,0.394667,13.2321,15.1397,0.538741,12.9676,15.0459,0.695553,13.1109,15.1571,0.630529,12.9884,15.1542,0.706536,13.0792,15.2928,0.655685,12.9884,15.1542,0.706536,13.0792,15.2928,0.655685,12.9601,15.1739,0.619803,12.926,15.1368,0.606675,13.2388,15.1494,0.44138,13.2675,15.2033,0.48017,13.2697,15.2051,0.544145,13.2321,15.1397,0.538741,13.2697,15.2051,0.544145,13.2002,15.2128,0.591139,13.241,15.2544,0.541794,12.8521,14.8783,0.585768,12.7155,15.1355,0.886496,12.9884,15.1542,0.706536,12.7955,15.1617,0.776256,12.7155,15.1355,0.886496,12.6768,15.2421,0.925726,12.7955,15.1617,0.776256,12.7475,15.2115,0.84439,12.7117,15.2669,0.888428,12.6601,15.3617,0.898329,12.5847,15.3907,0.910497,12.4871,15.3042,0.950386,12.1966,15.3253,0.937066,12.4797,15.3409,0.912655,12.3955,15.3286,0.904062,12.1681,15.3559,0.853871,12.1413,15.3554,0.919596,12.1326,15.4199,0.919551,12.1413,15.3554,0.919596,12.1681,15.3559,0.853871,12.1413,15.3554,0.919596,12.1326,15.4199,0.919551,12.0254,15.4636,0.929454,12.0609,15.5719,0.883311,12.0254,15.4636,0.929454,12.0609,15.5719,0.883311,11.9941,15.4848,0.884183,11.991,15.4238,0.93856,11.991,15.4238,0.93856,11.9369,15.4374,0.97138,12.1446,15.4299,0.859776,12.1167,15.5368,0.87392,12.1167,15.5368,0.87392,11.7187,15.5071,0.958185,11.6632,15.5023,0.97736,11.3303,15.1869,0.907709,11.7788,15.1065,0.846879,12.0566,15.0196,0.774322,12.4951,14.9256,0.704903,11.9324,15.4616,0.891741,11.8941,15.4613,0.957503,11.8034,15.592,0.922268,11.6979,15.5369,0.897053,11.0579,15.8253,1.18461,10.793,15.2604,1.1253,11.8775,15.5435,0.918055,12.0089,15.4874,0.821122,11.9717,15.4548,0.801344,11.9324,15.4616,0.891741,11.9324,15.4616,0.891741,11.9717,15.4548,0.801344,11.9941,15.4848,0.884183,12.0609,15.5719,0.883311,12.0089,15.4874,0.821122,12.0609,15.5719,0.883311,12.1167,15.5368,0.87392,12.0978,15.4538,0.802668,11.9717,15.4548,0.801344,12.0988,15.3975,0.773282,12.0988,15.3975,0.773282,12.1373,15.377,0.722894,12.4947,15.3319,0.853415,12.5847,15.3907,0.910497,12.6601,15.3617,0.898329,12.4797,15.3409,0.912655,12.3955,15.3286,0.904062,12.4148,15.3176,0.821954,12.1681,15.3559,0.853871,12.1446,15.4299,0.859776,12.1681,15.3559,0.853871,12.0988,15.3975,0.773282,12.0978,15.4538,0.802668,12.1167,15.5368,0.87392,13.056,14.9122,3.39781e-15,12.9105,15.0167,0.495306,12.762,15.1512,0.670978,12.7223,15.2092,0.769284,12.6737,15.274,0.836065,12.7117,15.2669,0.888428,12.7475,15.2115,0.84439,12.7955,15.1617,0.776256,12.926,15.1368,0.606675,12.9884,15.1542,0.706536,13.5031,15.034,0.201977,13.5162,15.0455,0.132431,13.3901,14.9741,3.39922e-15,13.382,15.0515,0.251683,13.2704,14.9753,0.283849,13.056,14.9819,0.387613,13.0029,15.1284,0.550563,12.9601,15.1739,0.619803,13.0792,15.2928,0.655685,13.3899,15.1703,0.484885,13.4484,15.3106,0.505667,13.4332,15.3012,0.394667,13.393,15.1497,0.355068,13.3193,15.1146,0.496852,13.3476,15.0924,0.375505,13.3193,15.1146,0.496852,13.3476,15.0924,0.375505,13.2602,15.0811,0.374206,13.2388,15.1494,0.44138,13.1098,15.1548,0.523235,13.2321,15.1397,0.538741,13.2602,15.0811,0.374206,13.2388,15.1494,0.44138,13.2321,15.1397,0.538741,13.2,15.2098,0.531775,13.2675,15.2033,0.48017,13.1098,15.1548,0.523235,13.0792,15.2928,0.655685,13.1109,15.1571,0.630529,13.1109,15.1571,0.630529,13.2002,15.2128,0.591139,13.241,15.2544,0.541794,13.2675,15.2033,0.48017,13.241,15.2544,0.541794,13.2697,15.2051,0.544145,12.7155,15.1355,-0.886496,12.7955,15.1617,-0.776256,12.9884,15.1542,-0.706536,12.7155,15.1355,-0.886496,12.4951,14.9256,-0.704903,12.0566,15.0196,-0.774322,12.1966,15.3253,-0.937066,11.7788,15.1065,-0.846879,11.9369,15.4374,-0.97138,11.3303,15.1869,-0.907709,11.6632,15.5023,-0.97736,11.0579,15.8253,-1.18461,11.6979,15.5369,-0.897053,10.793,15.2604,-1.1253,11.7187,15.5071,-0.958185,11.8941,15.4613,-0.957503,11.8034,15.592,-0.922268,11.8775,15.5435,-0.918055,11.9324,15.4616,-0.891741,11.991,15.4238,-0.93856,12.1413,15.3554,-0.919596,12.1681,15.3559,-0.853871,12.1413,15.3554,-0.919596,11.991,15.4238,-0.93856,12.0254,15.4636,-0.929454,12.1326,15.4199,-0.919551,12.1681,15.3559,-0.853871,12.1413,15.3554,-0.919596,12.1326,15.4199,-0.919551,12.1446,15.4299,-0.859776,12.1167,15.5368,-0.87392,12.0609,15.5719,-0.883311,12.1167,15.5368,-0.87392,12.0254,15.4636,-0.929454,11.9941,15.4848,-0.884183,12.0609,15.5719,-0.883311,12.3955,15.3286,-0.904062,12.4871,15.3042,-0.950386,12.6768,15.2421,-0.925726,12.7955,15.1617,-0.776256,12.7475,15.2115,-0.84439,12.7117,15.2669,-0.888428,12.6601,15.3617,-0.898329,12.5847,15.3907,-0.910497,12.4797,15.3409,-0.912655,12.6198,14.8343,3.39573e-15,13.0345,15.1645,3.40331e-15,12.9951,15.1531,0.142687,12.8925,15.1167,0.267231,12.5215,15.0298,0.368366,11.9664,14.9031,3.39544e-15,11.8834,15.2266,0.484434,11.4861,14.9319,3.39383e-15,11.3539,15.2467,0.495183,10.921,15.0473,0.403755,11.0248,14.7919,3.38858e-15,10.921,15.0473,-0.403755,11.3539,15.2467,-0.495183,11.8834,15.2266,-0.484434,12.5215,15.0298,-0.368366,12.8925,15.1167,-0.267231,12.9951,15.1531,-0.142687,13.4556,15.0382,0.30666,13.5408,15.1596,0.264302,13.5757,15.1439,0.150589,13.5757,15.1439,-0.150589,13.5408,15.1596,-0.264302,13.4556,15.0382,-0.30666,13.5031,15.034,-0.201977,13.5162,15.0455,-0.132431,13.5197,15.0385,3.40063e-15,13.5929,15.1425,0.0370744,13.5929,15.1425,-0.0370744,13.382,15.0515,-0.251683,13.4378,15.0989,-0.344274,13.382,15.0515,-0.251683,13.4556,15.0382,-0.30666,13.3476,15.0924,-0.375505,13.4378,15.0989,-0.344274,13.4795,15.1728,-0.367191,13.4795,15.1728,-0.367191,13.393,15.1497,-0.355068,13.3476,15.0924,-0.375505,13.393,15.1497,-0.355068,13.4795,15.1728,-0.367191,13.4703,15.2868,-0.401213,13.4782,15.2815,-0.394358,13.4655,15.4458,-0.420612,13.4332,15.3012,-0.394667,13.3899,15.1703,-0.484885,13.393,15.1497,-0.355068,13.4332,15.3012,-0.394667,13.3193,15.1146,-0.496852,13.3476,15.0924,-0.375505,13.4484,15.3106,-0.505667,12.9098,15.2206,-0.148092,12.8479,15.1791,-0.235872,12.557,15.1036,-0.299406,11.3539,15.2467,-0.495183,11.3711,15.4286,-0.45025,11.9827,15.3549,-0.379741,11.8834,15.2266,-0.484434,12.5215,15.0298,-0.368366,12.8925,15.1167,-0.267231,12.9951,15.1531,-0.142687,13.0345,15.1645,3.40331e-15,12.9444,15.2356,3.40475e-15,12.9098,15.2206,0.148092,12.9951,15.1531,0.142687,12.8479,15.1791,0.235872,12.8925,15.1167,0.267231,12.557,15.1036,0.299406,12.5215,15.0298,0.368366,11.8834,15.2266,0.484434,11.9827,15.3549,0.379741,11.3539,15.2467,0.495183,11.3711,15.4286,0.45025,10.921,15.0473,0.403755,10.9058,15.1353,0.395176,12.6389,15.1499,0.145967,12.0597,15.4096,0.204283,11.3486,15.5497,0.237893,12.0525,15.3058,3.40367e-15,11.4203,15.4176,3.40238e-15,11.3486,15.5497,-0.237893,10.8668,15.1796,0.207587,10.8674,15.1874,3.39419e-15,10.8668,15.1796,-0.207587,10.9058,15.1353,-0.395176,10.921,15.0473,-0.403755,12.0597,15.4096,-0.204283,12.6389,15.1499,-0.145967,12.6877,15.1167,3.40177e-15,-7.65946,0.208982,3.11835,-7.5835,-0.00053395,2.96869,-7.22596,-1.83682e-16,2.99976,-7.28765,0.208499,3.1626,-6.94935,-0.00014868,3.01021,-8.00105,0.209714,3.03808,-7.89828,-0.00122248,2.92158,-7.77015,0.463705,3.19045,-7.36545,0.46324,3.20001,-6.96892,0.208325,3.15957,-6.74067,-0.00014573,2.954,-7.41929,0.734957,3.13643,-7.05423,0.703735,3.09408,-7.00525,0.463214,3.17618,-6.65343,0.211784,3.03984,-6.57545,-9.027e-05,2.76798,-9.00112,2.25191,3.15921,-8.74287,1.69193,3.15278,-8.24924,1.69135,3.09069,-8.03834,1.14745,3.11956,-7.49782,1.13171,2.89718,-7.0635,0.888867,2.86726,-6.74811,0.678387,2.96882,-6.69042,0.463123,3.05211,-6.58426,0.688218,2.78092,-6.47567,0.463324,2.79967,-6.46464,0.212457,2.78488,-6.1762,0.21259,2.56856,-6.42738,-0.00076051,2.51808,-6.43183,0.00021299,2.211,-6.195,0.212345,2.20501,-6.57834,-0.00099297,1.98136,-6.36341,0.210441,1.91761,-6.71162,-0.00074163,1.81408,-6.54575,0.211525,1.66737,-6.30312,0.462956,1.90313,-6.5167,0.463155,1.61746,-6.91985,0.210494,1.54256,-6.86458,0.463178,1.49385,-7.25798,0.210716,1.48926,-7.26521,0.463184,1.42927,-7.61576,0.210138,1.51063,-7.6589,0.463201,1.43985,-7.73577,0.734957,1.46282,-7.03356,-0.00115994,1.66558,-7.26305,-0.00143252,1.64162,-7.60954,-0.00087025,1.66184,-7.83437,-0.00071626,1.72269,-7.94101,0.209884,1.57845,-8.0348,0.463208,1.52011,-8.16894,0.734957,1.53118,-7.92273,1.14654,1.61296,-8.39896,1.15128,1.60821,-8.67876,1.69177,1.64118,-8.19792,1.69169,1.63053,-8.48765,2.25225,1.61745,-8.08169,2.25232,1.89892,-8.40965,2.99421,1.86075,-8.22414,2.99807,2.33194,-7.26215,0.744523,1.46751,-7.4172,1.13374,1.79974,-7.7846,1.6925,1.90167,-7.62247,1.69229,2.35568,-7.92534,2.25333,2.34757,-8.10542,2.25382,2.78927,-8.42895,3.00498,2.79811,-9.06897,4.60893,3.0278,-9.12455,4.14776,3.0018,-8.70604,4.06513,2.78317,-8.99741,3.58377,3.02939,-8.62978,3.57968,2.78504,-9.66057,4.23114,3.03814,-8.44403,3.5827,2.32313,-8.53272,4.04017,2.32763,-8.65592,4.43875,2.81888,-8.74001,5.26853,3.1123,-9.29155,5.49159,3.07468,-8.98148,6.31074,3.18957,-9.61697,6.56322,3.05578,-8.75559,4.06901,1.83528,-8.63852,3.57508,1.83038,-9.21738,4.12484,1.57445,-9.23472,4.56781,1.57771,-10.0473,7.48348,2.74749,-10.1638,6.76417,2.69578,-9.83673,5.66149,2.84136,-9.57923,4.76634,3.03653,-10.1394,7.47901,2.12573,-10.062,8.21052,2.81423,-10.2387,6.81246,2.13647,-10.3801,5.81548,2.57404,-10.086,4.85098,2.89569,-8.78794,2.98681,3.03805,-9.53628,3.57892,3.10927,-10.2298,4.27569,2.91176,-10.638,4.93215,2.54857,-10.4572,5.81785,2.12488,-10.078,5.69425,1.82795,-10.2672,4.87833,1.80282,-10.6546,4.95285,2.06215,-10.6451,4.31639,2.50488,-10.1207,3.61706,2.8987,-9.84155,2.98049,2.93959,-9.32283,2.98926,3.13074,-10.3808,3.65349,2.48469,-10.2517,4.28268,1.72114,-10.637,4.33395,2.04417,-10.3528,3.65052,2.03892,-10.0558,2.98013,2.49907,-9.50288,2.2493,2.96779,-9.78581,4.7462,1.62368,-9.7485,4.21503,1.59481,-10.0491,3.62419,1.71473,-10.0343,2.98661,2.07983,-9.71909,2.24927,2.52053,-9.45197,1.69357,2.54261,-9.21521,1.69316,2.97361,-8.52227,1.14883,3.15253,-8.93972,1.14068,2.96892,-8.708,0.734957,2.9781,-8.36077,0.734957,3.15722,-7.87358,0.734957,3.18775,-9.19729,1.13585,2.56192,-8.97003,0.734957,2.58741,-8.48884,0.463115,2.96895,-8.17493,0.463675,3.13841,-8.77452,0.462884,2.61096,-8.89308,0.734957,2.02217,-8.72861,0.463342,2.03107,-8.3745,0.463168,1.68683,-8.23682,0.209574,1.71326,-8.52471,0.212359,2.04572,-8.54011,0.208166,2.59076,-8.26306,0.211098,2.88316,-7.94101,0.209884,1.57845,-7.83437,-0.00071626,1.72269,-8.04583,-0.00115935,1.83493,-8.21069,-0.00197473,2.05588,-8.16402,-0.0030916,2.53786,-8.09361,-0.00215763,2.76839,-8.54375,0.734957,1.69185,-8.81114,1.14824,1.73118,-8.39896,1.15128,1.60821,-8.16894,0.734957,1.53118,-8.0348,0.463208,1.52011,-9.12837,1.14006,2.04561,-9.3764,1.693,2.07545,-9.63967,2.25029,2.09115,-9.57041,3.59089,1.55993,-9.32377,2.97781,1.59329,-9.72367,2.98598,1.74718,-9.35242,2.24538,1.77117,-9.09864,1.69265,1.764,-8.97368,2.25178,1.62995,-8.67876,1.69177,1.64118,3.65601,7.69191,0.852824,4.24306,7.68796,0.742477,4.18644,7.72914,0.874173,3.01672,7.92157,1.37215,2.84864,7.92717,1.30168,4.16461,7.63977,0.991361,3.10445,7.78515,1.44181,4.1386,7.28168,1.03423,2.28924,7.9058,2.1431,2.13334,8.29437,1.95026,2.21081,8.20929,2.10279,2.2699,8.76572,2.92927,1.86347,8.85708,2.62006,1.48909,8.83567,2.36328,1.99337,8.28012,1.74117,2.61624,7.90793,1.21119,2.53894,7.56621,0.45632,1.64621,7.68041,0.528674,1.64457,7.52373,4.60695e-16,1.67596,7.95559,1.01342,2.47356,7.75566,0.848505,2.36928,7.90505,1.13086,1.78949,8.18085,1.44274,0.727112,8.7462,1.99913,1.21344,9.67513,2.83753,0.583311,8.19187,1.27787,0.35385,9.73251,2.6078,-0.713572,9.80848,2.51444,0.548327,7.81198,0.650065,-0.68593,8.33031,1.43286,-0.657482,8.9438,2.00552,-1.83439,9.0282,2.03623,-1.86854,9.86508,2.5283,-2.93612,9.90506,2.65471,-2.92138,8.95624,2.16549,-4.05089,8.13794,1.52289,-2.95484,8.32487,1.51861,-1.86561,8.40625,1.46565,-0.717834,7.85398,0.735257,-0.726056,7.6584,4.68942e-16,0.536974,7.6059,4.65727e-16,-5.25706,7.48543,4.58351e-16,-4.21535,7.52849,4.60987e-16,-4.16431,7.70458,0.785172,-2.99263,7.84791,0.780721,-3.00582,7.6644,4.69309e-16,-1.88822,7.70767,4.71958e-16,-1.87676,7.87602,0.757036,-5.18142,7.56142,0.773236,-5.11363,7.89231,1.41721,-6.3344,7.47356,0.660804,-6.3462,7.8145,1.15611,-8.42095,7.7112,0.466888,-8.46233,7.72315,0.665105,-6.70092,7.79093,1.11083,-8.5094,7.57799,0.741865,-5.3574,8.16605,1.88766,-4.98702,8.44785,1.98086,-6.38312,7.42554,4.54683e-16,-8.4907,7.6614,4.69126e-16,-7.9743,8.52977,3.66456,-7.08766,8.2989,3.67799,-6.92168,9.17553,3.77809,-6.19155,8.05895,3.42988,-5.80574,8.92779,3.5317,-5.07039,8.63746,2.87548,-5.6795,9.99181,3.71063,-4.7013,9.76462,3.11051,-3.96042,8.76372,2.16144,-6.63579,7.20384,3.25483,-6.16399,7.03461,2.66772,-5.52239,7.82415,2.80289,-7.37489,7.47638,3.54897,-8.16488,7.78594,3.55112,-7.79474,6.60431,3.37737,-7.23762,6.31692,3.06411,-6.92106,6.16031,2.55111,-6.27971,6.97646,1.87163,-5.71185,7.61694,1.87946,-8.28411,4.90131,1.8752,-7.63407,5.53356,1.90248,-7.50539,5.49139,2.50228,-7.02075,6.206,1.85971,-7.71653,6.47864,1.27309,-7.30467,7.03998,1.17861,-6.97389,7.47399,1.11789,-8.65226,7.26532,0.874392,-8.82513,6.79978,1.09691,-8.25719,5.8445,1.41695,-8.86493,5.17043,1.54329,-9.15045,6.26722,1.33782,-9.55952,5.50223,1.56432,-8.97368,2.25178,1.62995,-9.32377,2.97781,1.59329,-8.83492,2.99282,1.59182,-9.02814,3.57854,1.56433,-9.7485,4.21503,1.59481,-9.78581,4.7462,1.62368,-9.57041,3.59089,1.55993,-8.68144,4.39209,1.84727,-8.45667,4.33401,2.35655,-8.29902,5.00885,2.88161,-8.27288,5.98113,3.24887,-8.48974,6.95169,3.37632,-8.8431,7.98521,3.44887,-7.76847,5.66786,2.97312,-8.09579,4.84738,2.42314,4.82903,1.21434,2.78667,5.03402,0.902879,2.8561,5.55618,0.899315,2.92525,4.92535,-0.00617789,1.80926,4.9344,-0.00617789,2.221,4.59795,0.346214,2.261,4.80321,0.347339,2.68228,5.08742,-0.00617789,2.4683,5.29692,0.353814,2.88887,4.69994,0.614771,2.69462,5.21713,0.60352,2.92916,5.77373,0.61217,2.97286,6.00991,0.927984,2.84288,5.57446,0.34569,1.21248,5.57772,-0.00617789,1.3599,5.12932,-0.00617789,1.52737,5.00042,0.345847,1.41238,4.65596,0.345151,1.80036,4.47936,0.620321,2.28965,4.576,0.918911,2.65981,4.43373,1.21189,2.62488,5.48314,0.616813,1.20887,4.48999,1.98792,2.7618,4.34455,2.45035,2.76883,3.96091,2.43687,2.60317,4.13389,1.97323,2.58844,4.64663,1.57249,2.76271,4.28638,1.55994,2.60111,4.22178,1.20363,2.29824,4.35429,0.92386,2.29673,4.11619,4.06636,2.84967,4.15749,3.49216,2.79527,4.62569,3.49577,2.78115,4.66915,2.96038,2.76052,4.2254,2.95104,2.78212,3.79472,2.93982,2.63318,3.72821,2.43015,2.31789,3.92022,1.95882,2.30014,3.74908,2.42832,1.96815,3.94439,1.9482,1.93582,3.54201,2.93946,2.34646,3.41266,3.47682,2.37256,3.69631,3.48055,2.65979,3.31482,4.07037,2.40338,3.62794,4.06884,2.70329,3.1982,4.69772,2.44752,3.54019,4.69507,2.75406,3.52997,2.94054,2.01062,3.0319,5.35945,2.50867,3.00257,5.34564,2.0375,3.16487,4.68585,2.04531,3.30899,4.07143,2.04934,3.38358,3.47242,2.03939,3.88208,2.94737,1.64189,4.0838,2.43356,1.58857,3.58719,4.67712,1.64283,3.67501,4.06964,1.66503,3.7625,3.47847,1.66783,3.48854,5.33089,1.59992,4.20768,5.3118,1.28344,4.25457,4.66529,1.33277,4.30809,4.05964,1.37032,4.38654,3.47072,1.39949,4.46992,2.9402,1.40378,3.42474,5.35759,2.82111,3.2934,6.04837,2.90984,2.83026,6.05484,2.58529,2.80443,6.04803,2.04111,3.39136,6.03774,1.55428,4.17271,6.00058,1.19664,4.15021,6.67883,1.09538,2.44177,7.37764,2.09761,3.18751,7.35408,1.46965,3.2879,6.71379,1.50666,2.61277,6.73098,2.05384,2.63667,6.7436,2.66914,2.47719,7.41133,2.76497,3.08241,7.46953,3.0952,3.16549,6.75509,3.00733,2.37797,8.05629,2.84998,3.07607,8.2015,3.13035,5.14388,9.85755,3.01384,5.3806,10.7151,2.98645,4.50064,10.7873,3.27703,4.29424,9.87605,3.29478,4.91458,9.03609,2.96366,4.08805,9.03633,3.21808,3.16145,8.98398,3.21158,1.8468,9.68601,3.08933,2.53084,9.75065,3.30956,3.38383,9.84803,3.33566,3.58656,10.7874,3.35519,4.66692,11.7612,3.18888,5.64266,11.6118,2.89473,6.00205,12.7297,2.70839,6.02241,14.1556,2.57415,5.58642,14.8868,2.39445,5.01246,14.6947,2.4837,5.41153,13.904,2.69045,4.61779,13.7241,2.84484,4.74703,12.8133,3.03847,3.71182,11.7743,3.2995,2.71609,10.7359,3.35796,3.73183,13.6515,2.97104,3.72626,12.768,3.18709,2.74834,14.4219,2.61281,2.84648,13.5774,2.95494,2.82161,12.7291,3.13278,2.80868,11.738,3.26304,1.95229,11.6985,3.16798,1.90814,10.6787,3.24411,1.1058,11.6789,3.00993,1.12676,10.6579,3.05356,1.09931,13.5279,2.66224,1.95341,13.5556,2.82097,1.92511,14.3466,2.51657,1.9676,12.6914,2.98766,1.1138,12.6769,2.84136,0.185396,12.7092,2.81625,0.197179,13.5486,2.56342,-0.840664,12.7544,2.85451,0.190292,11.7003,2.92114,-0.836411,11.7652,2.93587,-1.91268,11.8533,2.95592,-1.9023,12.7912,2.8881,-2.98521,11.8561,3.01719,0.239911,10.7009,2.8563,-0.808888,10.7852,2.81217,-1.88541,10.8326,2.83333,-2.96614,10.877,2.90712,-3.85681,9.82592,2.743,-3.92289,11.8907,3.1649,-3.02254,12.8288,2.93385,-3.8316,10.8863,3.04057,-4.61293,10.9227,3.43045,-5.65086,10.9606,3.80154,-6.90599,11.0405,3.87077,-6.84773,10.1715,3.87285,-4.65693,11.9238,3.47631,-4.0235,12.8667,3.05498,-3.03762,13.7032,2.68082,-1.92163,13.6635,2.64905,-8.90538,11.0532,3.58562,-8.82858,10.3015,3.63519,-7.86137,10.2779,3.82253,-7.90312,11.0745,3.79124,-6.93546,12.0054,3.74209,-5.65311,11.954,3.71341,-5.60879,12.968,3.4569,-4.74012,12.9098,3.2822,-7.94722,12.0118,3.63381,-6.88935,13.012,3.51821,-5.50968,13.8773,3.02619,-4.12039,13.7797,2.76499,-6.78058,14.0056,3.12403,-7.97191,13.951,3.04548,-7.9621,13.0032,3.39564,-9.16213,13.7545,2.85488,-11.0796,12.2773,2.34026,-11.165,12.9679,2.02877,-11.7409,12.4984,1.51329,-10.2625,13.4295,2.50987,-10.3171,13.9933,2.13265,-9.24013,14.3301,2.41822,-8.0195,14.5762,2.60573,-6.74381,14.6515,2.66902,-11.3091,13.5097,1.73473,-11.4223,13.9128,1.4963,-10.37,14.3929,1.75752,-10.4461,14.7712,1.2604,-9.30042,14.7726,1.90328,-9.37132,15.0576,1.34122,-9.47904,15.3386,0.668355,-10.5188,15.0267,0.654282,-11.5644,14.3531,1.09366,-12.3816,13.515,1.26252,-12.202,12.9906,1.34055,-11.6582,14.6469,0.616834,-10.6377,15.0831,9.23576e-16,-9.4905,15.4049,9.43278e-16,-8.24451,15.703,9.61534e-16,-8.20315,15.6431,0.69235,-6.90868,15.9341,9.75685e-16,-6.88128,15.8511,0.691868,-5.52109,15.9542,0.74543,-5.51398,15.6128,1.37941,-5.5543,16.0592,9.83345e-16,-9.47904,15.3386,-0.668355,-10.5188,15.0267,-0.654282,-8.20315,15.6431,-0.69235,-6.88128,15.8511,-0.691868,-5.52109,15.9542,-0.74543,-4.28815,16.072,9.84124e-16,-4.27014,15.9565,0.740307,-4.27014,15.9565,-0.740307,-3.13886,16.0238,9.81176e-16,-5.51398,15.6128,-1.37941,-6.82137,15.5495,-1.38033,-8.16657,15.3628,-1.37095,-9.37132,15.0576,-1.34122,-9.30042,14.7726,-1.90328,-10.37,14.3929,-1.75752,-11.4223,13.9128,-1.4963,-10.3171,13.9933,-2.13265,-10.4461,14.7712,-1.2604,-11.5644,14.3531,-1.09366,-11.6582,14.6469,-0.616834,-12.3816,13.515,-1.26252,-11.3091,13.5097,-1.73473,-12.5523,14.0139,-0.963102,-12.6215,14.2876,-0.600591,-11.6997,14.781,9.05078e-16,-12.6996,14.4375,8.84042e-16,-12.6215,14.2876,0.600591,-13.6894,13.9781,0.577688,-13.6418,13.6857,0.887587,-13.5242,13.1474,-1.02219,-13.6418,13.6857,-0.887587,-13.6894,13.9781,-0.577688,-13.7083,14.1169,8.64408e-16,-14.8116,13.7095,-0.559403,-14.7506,13.385,-0.856414,-14.68